KeyPCGI_One@RadiantGI.fx=46,0,0,0
PreprocessorDefinitions=Simple_Mode=1,MXAO_ENABLE_IL=1
Techniques=PCGI_One@RadiantGI.fx,SSDO_Plus@GloomAO.fx,LiftGammaGain@LiftGammaGain.fx,Blooming_HDR@BloomingHDR.fx,SMAA@SMAA.fx
TechniqueSorting=PCGI_One@RadiantGI.fx,SSDO_Plus@GloomAO.fx,SSR@qUINT_ssr.fx,LiftGammaGain@LiftGammaGain.fx,Blooming_HDR@BloomingHDR.fx,SMAA@SMAA.fx

[BloomingHDR.fx]
Adapt_Adjust=0.500000
Adapt_Seek=0.500000
Auto_Bloom=4
Auto_Exposure=0
BloomCurve=4.500001
BloomSensitivity=0.999994
Bloom_BA_iToneMapper=0
Bloom_Intensity=0.100000,0.500000
Bloom_Spread=0.749999
CBT_Adjust=0.500000
Contrast=1.050000
Debug_View=0
Dither_Bloom=0.125000
Exp=-0.500000
Gamma=2.200000
GreyValue=0.128000
HDR_BP=0.600000
Inv_Tonemappers=3
Saturate=1.000000
Saturation=0.250000,0.250000
Tonemappers=0
WP=1.000000

[GloomAO.fx]
Debug=0
Depth_Map=1
Depth_Map_Adjust=10.000000
Depth_Map_Flip=1
Dither_SSDO=1
GloomAO=0
NCD=0.125000,0.000000
Offset=0.000000
Persistence=0.000000
SamplesXY=2
SSDO_ColorPower=1.500000
SSDO_Fade=0.525000
SSDO_Intensity_Masking=0.000000
SSDO_Levels=16
SSDO_Max_Depth=0.999000
SSDO_MipSampling=0
SSDO_Power=3.000002
SSDO_SampleRadius=2000.000366
SSDO_Saturation=1.000000
SSDO_Trimming=0.200000
SSDO_X2=2

[LiftGammaGain.fx]
RGB_Gain=0.925001,0.925001,0.925001
RGB_Gamma=1.010000,1.010000,1.010000
RGB_Lift=1.050003,1.050003,1.050003

[Limbo_Mod.fx]
Depth_Map_Adjust=0.085000,0.750000
Dither_Bit=2.500000
G_Radius=0.624998
Target_Lighting=0.750000

[qUINT_ssr.fx]
SSR_ACCEPT_RANGE=1.200000
SSR_FADE_DIST=0.850000
SSR_FIELD_OF_VIEW=105.000000
SSR_FILTER_SIZE=0.300000
SSR_FRESNEL_EXP=5.000000
SSR_JITTER_AMOUNT=0.300000
SSR_RAY_INC=1.400000
SSR_REFLECTION_INTENSITY=1.000000
SSR_RELIEF_AMOUNT=0.100000
SSR_RELIEF_SCALE=0.700000

[RadiantGI.fx]
Blend=2
Debug=0
Deep_Scattering=0.100000
Depth_Map=1
Depth_Map_Adjust=10.000000
Depth_Map_Flip=1
Diffusion_Saturation_Power=0.000000,0.500000
D_Irradiance=1.000000
GI_Power=2.500000
GI_Ray_Length=500.000000
GI_Res=1.000000
GI_Saturation=1.000000
GI_Sky_Saturation=1.499991
HDR_BP=0.400000
IGN_Toggle=1
Internals=0.540000,0.010000,0.010000
Luma_Map=0.500000
NCD=0.125000,0.000000
Offset=0.000000
PCGI_2DTexture_Detail=0.000000,1.000000
PCGI_Fade=1.000000
PP_Options=0
RadiantGI=0
Reflectivness=0.256000,0.716000
samples=6.000000
SamplesXY=8
Scattering=0
Sky_Adustment=3
Sky_Emissive_Selection=3
SSS_Seek=0.250000
Target_Lighting=-0.318000
Trim=0.000000
Wrap=0.500000

[SMAA.fx]
CornerRounding=40
DebugOutput=0
DepthEdgeDetectionThreshold=0.001000
EdgeDetectionThreshold=0.100000
EdgeDetectionType=0
MaxSearchSteps=32
MaxSearchStepsDiagonal=16
PredicationEnabled=1
PredicationScale=2.000002
PredicationStrength=0.400000
PredicationThreshold=0.105000

[SnowScape.fx]
BG=0.962500
Depth_Map_Adjust=1.000000
Elevation=10.000000
HMP=0.500000
I_Ice=1
SSC=0.625000

